image_width: 640
image_height: 480
camera_name: narrow_stereo
camera_matrix:
  rows: 3
  cols: 3
  data: [794.204174, 0, 258.925189, 0, 790.914562, 240.688826, 0, 0, 1]
distortion_model: plumb_bob
distortion_coefficients:
  rows: 1
  cols: 5
  data: [-0.094777, 0.05959399999999999, 0.010448, -0.009374, 0]
rectification_matrix:
  rows: 3
  cols: 3
  data: [1, 0, 0, 0, 1, 0, 0, 0, 1]
projection_matrix:
  rows: 3
  cols: 4
  data: [778.064148, 0, 253.17291, 0, 0, 783.421387, 242.712373, 0, 0, 0, 1, 0]